['PRO-USD', nan, nan, nan]
['DOGE-USD', 385.4104133954346, -0.004385498430060303, -0.0011378775138493058]
['OMG-USD', 288.40975001115646, -0.2642493725669094, -0.09162289851736549]
['UNI-USD', 210.70075553415347, -0.3412211622900091, -0.1619458655594137]
['CRV-USD', 187.68834646689066, 0.0864742905272754, 0.04607334027663246]
['LTC-USD', 185.6143349023531, -5.990542646125396, -3.2274137928392577]
['GYEN-USD', 156.15005435243322, -0.00029822519084756816, -0.0001909862869304349]
['RLY-USD', 134.55509821886022, -0.026993942716258563, -0.020061627596118015]
['ETC-USD', 130.89152273985886, -1.889450492196796, -1.4435239598762983]
['SUPER-USD', 125.913986295163, -0.04902728014993846, -0.03893712016630979]
['CVC-USD', 124.04379022503527, -0.012601377973095, -0.010158814036747899]
['ENJ-USD', 121.43578417333003, -0.09374466530185031, -0.07719690364748244]
['SHIB-USD', 119.87846976173432, -1.6941909548746045e-06, -1.4132570746372648e-06]
['CLV-USD', 119.85794013254046, -0.05670845517864119, -0.04731305670357111]
['GODS-USD', 114.58557570481183, -0.7240361186755905, -0.6318737015737539]
['JASMY-USD', 114.51461755809133, -0.007625613902618969, -0.006659074679920773]
['TRU-USD', 113.64956669126136, -0.020632915264347504, -0.01815485607648515]
['TRAC-USD', 111.82287404993016, -0.05914284542632805, -0.05288975616913594]
['ORN-USD', 111.8005923505673, -0.2609708708525991, -0.2334253024655597]
['TRB-USD', 111.6243792145829, -2.041450965275118, -1.8288576202074118]
['OGN-USD', 110.31694964163759, -0.04750538560930413, -0.0430626352193606]
['GRT-USD', 107.64725063904484, -0.034069516679177805, -0.03164922139388149]
['XYO-USD', 106.74747222357087, -0.0024167708829447012, -0.002264007599058683]
['POLS-USD', 104.1072779132053, -0.20880617370468013, -0.20056827715614922]
['DNT-USD', 103.0493766477009, -0.0078294668247405, -0.007597781839581055]
['RARI-USD', 100.44479179088239, -0.5443053417273498, -0.5418950370871869]
['QNT-USD', 100.0822967691564, -6.166532433499359, -6.161461749546675]
['PLA-USD', 98.67190821221665, -0.11732842189400287, -0.11890762428720958]
['GALA-USD', 96.58923436479525, -0.036488217101952915, -0.03777669151423785]
['DESO-USD', 93.40255312214745, -6.034039257647541, -6.460250877464247]
['AVAX-USD', 93.24016818295043, -3.571369147349418, -3.830290331889884]
['COTI-USD', 92.89237305160482, -0.008391035205118521, -0.00903307228512401]
['CRO-USD', 91.33773519967731, -0.02556888181646141, -0.027993776899070455]
['RAD-USD', 90.11861559220766, -0.6656925610237386, -0.738684850681727]
['AMP-USD', 89.80611138153725, -0.0022835515153437035, -0.002542757369420147]
['KNC-USD', 33.48141467507907, 0.006396412454118509, 0.019104367351835627]
['PAX-USD', 23.805070202544634, -0.00013599807099493941, -0.0005712987604649111]
['DAI-USD', 13.619789974654834, 6.064288071330129e-06, 4.452556230760685e-05]
['INV-USD', nan, nan, nan]
['LQTY-USD', nan, nan, nan]
['ADA-USD', 636.3536621196562, -0.036048758307174134, -0.005664893667319815]
['BAND-USD', 460.6782684583948, -0.08147966913448872, -0.017686892287572142]
['DOT-USD', 159.99187222983448, -0.8394677486603188, -0.5246939966140225]
['YFI-USD', 156.6988293957964, 885.0275207560301, 564.7952343795696]
['WCFG-USD', 138.54156870895466, -0.061830505377640996, -0.044629569272117364]
['BICO-USD', 131.67523032674157, -0.5045918393406277, -0.38320938424677387]
['MKR-USD', 123.9078659114419, -99.84457271541604, -80.5796887719589]
['BTC-USD', 113.44519248687737, -1839.4646958428816, -1621.456718895919]
['BNT-USD', 112.70988917186718, -0.08010420085054963, -0.07107113798009479]
['BCH-USD', 112.19663905852593, -21.81370097471046, -19.442383620182795]
['ZRX-USD', 110.94158466759771, -0.03402050357107759, -0.030665240336172905]
['SUKU-USD', 110.54092278693815, -0.04343136380258109, -0.03928985095075854]
['YFII-USD', 110.42046589038513, -110.5749625707983, -100.13991670762061]
['PERP-USD', 107.68663844020435, -0.3292063887044729, -0.30570774004360146]
['REN-USD', 107.49962067688651, -0.04196531738878682, -0.039037642295429775]
['LINK-USD', 106.12666165063341, 1.0750429352236164, 1.0129810158003778]
['AUCTION-USD', 103.0668184987834, -1.4908190837261646, -1.4464588171446877]
['NU-USD', 102.57742285122198, -0.03626808900253444, -0.0353567948915402]
['FOX-USD', 102.30704060189932, -0.05932986132598324, -0.05799196318936606]
['ICP-USD', 102.08983537095106, 0.9413529322480108, 0.9220829172929257]
['MCO2-USD', 101.74588868846288, -1.0171829520810398, -0.9997288000457356]
['IDEX-USD', 101.18632380570959, -0.02051501477237449, -0.0202744936279787]
['FX-USD', 100.93761647755765, -0.044400808214655495, -0.04398836604639611]
['UMA-USD', 96.01058840842789, -0.4378136900045658, -0.45600563152692253]
['CGLD-USD', 95.9491729150557, 0.07820268269692299, 0.08150428015273903]
['MLN-USD', 95.04992675005546, -3.9303506336435454, -4.135038045824956]
['LRC-USD', 87.58327356008652, -0.1838455116118671, -0.20990938582095797]
['LPT-USD', 86.44530880917476, -1.197563432918877, -1.3853423041873327]
['KEEP-USD', 77.46134922225946, -0.010122023090286076, -0.013067191821359847]
['QUICK-USD', 77.23555815872, -1.69546749020221, -2.195190312107286]
['WLUNA-USD', 72.47916245002553, 1.2997030618498135, 1.7932092727285038]
['SPELL-USD', 8.889418745463338, -6.587779944943243e-05, -0.0007410810688050079]
['USDT-USD', -249.86002366240933, -3.351084495627884e-05, 1.3411847347599704e-05]
['API3-USD', -10894.274651174737, -0.08412321395095164, 0.0007721782004264099]
['GFI-USD', nan, nan, nan]
['RAI-USD', 157.24045561728482, 0.0007764792560417027, 0.0004938164628138786]
['FARM-USD', 155.17065595730494, 6.725769965847701, 4.334434190764966]
['1INCH-USD', 145.21762538511075, -0.12630959438342218, -0.08697952059776126]
['CTSI-USD', 141.92749556872735, -0.027635132999969524, -0.01947130320959367]
['DASH-USD', 138.38928719092402, -1.4073586956773734, -1.0169563874808887]
['BADGER-USD', 137.99516861047667, -1.170685746350359, -0.8483527054884732]
['POLY-USD', 123.86476810656308, -0.01754513554369288, -0.014164750648544777]
['STORJ-USD', 119.69366763799424, -0.060331440175091025, -0.0504048721754935]
['MANA-USD', 119.59793870985776, -0.12595833621310348, -0.10531814977068787]
['EOS-USD', 118.81398004409071, -0.14440462645316238, -0.12153841357689998]
['REP-USD', 117.93200738180117, -0.5507346397593379, -0.46699335658414753]
['ZEC-USD', 117.50440784499001, -6.688506233283822, -5.6921321982297]
['AXS-USD', 117.04588519420743, -7.77331444309185, -6.641253923787275]
['LOOM-USD', 114.71600961962184, -0.007225328886329168, -0.006298448586458935]
['RBN-USD', 114.57012231924288, 0.42569910289350793, 0.37156205673528264]
['ALCX-USD', 112.34886165447125, 11.263274773209359, 10.025268264710633]
['ARPA-USD', 112.13789718141182, -0.006965030194560585, -0.006211129662341414]
['ZEN-USD', 109.41164200606785, -4.485813179957203, -4.0999413752591565]
['BTRST-USD', 104.57424503724816, -0.3235105533639208, -0.3093596833988044]
['NCT-USD', nan, nan, nan]
['WBTC-USD', 113.59738358355106, -1843.7390685520259, -1623.0471251971685]
['CHZ-USD', 112.8148541241193, -0.013918350489368712, -0.01233733855122987]
['ETH-USD', 111.67113943153076, -187.61985902582006, -168.01105458483835]
['FIL-USD', 109.49935734687308, -2.5947048568721742, -2.3696073837699743]
['OXT-USD', 108.95147193987252, -0.021039617547826368, -0.01931099889998511]
['SKL-USD', 108.9316330599403, -0.016913891848716937, -0.015527070854992109]
['ASM-USD', 108.45593136309516, -0.005238788278482215, -0.004830338196021286]
['NMR-USD', 108.41768786441719, -1.5543033025475894, -1.433625207439711]
['SOL-USD', 107.59962388934493, -10.144640604029998, -9.428137606189694]
['FET-USD', 107.20881617953285, -0.02185458539110817, -0.020385063626213618]
['IMX-USD', 106.99425252476586, -0.24804848066158516, -0.2318334628340617]
['FORTH-USD', 106.90954237413484, -0.7475684922455749, -0.6992532898788628]
['IOTX-USD', 106.39534282592899, -0.010185544853107293, -0.009573299528506274]
['VGX-USD', 104.89110051633062, -0.22426105519596723, -0.21380370125971915]
['COMP-USD', 102.94089076268152, -8.049451799445489, -7.819489164905889]
['XTZ-USD', 102.5644332472603, -0.10626889549918071, -0.10361183905047255]
['REQ-USD', 102.42175309458356, -0.02864903973616167, -0.02797163578102896]
['KRL-USD', 101.41034590167612, -0.08850673146434385, -0.08727584022852741]
['BOND-USD', 101.24869244380538, -0.952337715643919, -0.9405926068353736]
['ENS-USD', 101.241945985198, -4.6637633915369845, -4.606552497735322]
['DDX-USD', 100.96496915921415, -0.34853813142386475, -0.34520699043075664]
['UST-USD', 100.33753557691438, -0.00027962738463158533, -0.00027868671781083876]
['XLM-USD', 100.26877951346174, -0.0057038139000958055, -0.005688524312126519]
['NKN-USD', 99.87866031271096, -0.02459714228826461, -0.024627024642954964]
['ANKR-USD', 99.62563704888484, -0.004453380342411441, -0.004470114796080282]
['BLZ-USD', 98.11942717905032, -0.01439638383794745, -0.014672307260494538]
['SNX-USD', 97.9716322791333, -0.2178233148793891, -0.2223330466300526]
['AGLD-USD', 96.1825808393163, -0.10652785721022033, -0.11075587313277335]
['LCX-USD', 94.27896312850567, -0.01608581652087387, -0.017061936180766346]
['ATOM-USD', 92.61801526155038, 3.0058935473971586, 3.245473938205876]
['MIR-USD', 90.24978167518157, -0.17960017839034567, -0.19900344915708001]
['RLC-USD', 89.44818510852237, -0.10997279868276764, -0.12294581332124732]
['MASK-USD', 85.71584723028691, -0.6111157356782007, -0.7129553698936881]
['BAT-USD', 84.27886434624544, -0.038340403163055724, -0.04549231110369578]
['POWR-USD', 79.1799452196564, 0.02752870440341344, 0.03476726881667436]
['ALGO-USD', 78.97318454927655, -0.03890552993820428, -0.049264228307684066]
['COVAL-USD', 70.19251848525663, -0.004084764715041302, -0.005819373350878232]
['ACH-USD', 66.74291120254398, -0.001232630585962962, -0.0018468337142536553]
['GTC-USD', 49.09519181066773, -0.17841657676195877, -0.36340947082966935]
['MATIC-USD', 46.530996732270005, 0.005831892273881662, 0.012533349129478566]
['RGT-USD', 44.812733415260695, 0.6690299859461584, 1.4929461672122066]
['SUSHI-USD', 43.75279665008028, -0.08245065283056591, -0.18844658888888333]
['BAL-USD', 41.33845776908014, -0.05823451172571406, -0.1408724825948191]
['MDT-USD', 37.23012485654239, -0.002315850632953607, -0.006220367624006629]
['TRIBE-USD', 26.593094523934873, 0.012746916867753148, 0.047933183767990606]
['MUSD-USD', -21.044243251897935, -8.20748390426142e-06, 3.900108835475091e-05]
['AAVE-USD', -9066.427978990094, -1.1305591907155905, 0.012469731115004379]
